[[[ -45.05887523  -42.21988214  -36.25829597  -32.87238757  -36.75278278
    -48.13620187  -18.21015419  -57.13781808  -69.51619549  -41.62393197
    -33.3844393 ]
  [ -65.95051784  -35.93649674  -26.31785533  -51.39961479  -18.34942271
    -27.98673666  -17.94698729  -34.09193738  -33.25031203  -41.8031202
    -27.52870525]
  [ -34.7959382   -70.10106051  -53.47477636  -37.5964165   -84.71524589
   -132.20612614  -40.60163971  -23.29939556  -28.1703122   -32.58752088
    -24.91925783]
  [ -48.29712918  -32.81065225  -26.18248074  -37.83952589  -17.7246448
    -39.33562707  -15.19565875  -35.29637643  -32.43295362  -36.5943133
    -26.87221985]]

 [[-136.87034719 -131.01148711  -40.89828786 -139.52501907  -15.69729245
   -131.22114716  -30.42819285 -104.05761773  -87.57205058  -36.77725862
    -49.00063522]
  [ -56.99866593  -36.86955692  -37.21735215  -40.47045226  -30.70791511
    -83.937006    -25.41016921  -20.63518111 -107.5273999   -49.32890582
    -62.03602249]
  [ -55.29617657  -74.43559613  -23.15457232  -37.01022423  -13.06258204
    -42.50598173  -13.19968917  -41.33935547  -25.88338772  -31.38669629
    -27.97612012]
  [ -34.43316877  -16.8236976   -22.43926654  -40.05077632   -7.14067037
    -26.71625763  -10.53477517  -25.35265873  -30.16734613  -19.35911561
    -21.59454798]]

 [[ -67.28774073 -121.76239916  -93.06345911 -111.8691968  -119.75277841
   -131.61371034  -40.40813454  -95.38700563  -45.83838416  -27.66248126
    -40.86412063]
  [-134.91545885  -61.82106022  -59.38587403  -52.20830493  -18.32268683
    -47.32032892  -26.96823817  -50.00573353  -75.64820572  -39.66857271
    -39.0525864 ]
  [-131.67877599  -61.12407778 -149.51606947  -57.98426889  -39.47666316
   -177.2836657   -49.2958386   -44.56577573  -66.14647391  -72.45242013
    -75.83932237]
  [ -27.85628108  -74.99773344  -25.16156226  -41.32780328 -130.75034929
    -21.25643197  -13.47777069  -29.60452629  -22.01444409  -54.99150317
    -29.37770157]]

 [[ -85.75135322  -34.90378363  -96.48163898  -40.98494692 -146.19545699
    -38.38682466  -22.23927956  -73.27452298  -98.41388266  -76.15463414
    -99.1697147 ]
  [ -70.46062082  -84.73325937  -47.39214502  -54.99443767  -21.92384024
    -28.91364617  -31.41183726 -106.25780817  -46.74195374  -33.3088121
    -31.53447475]
  [-135.54934311  -51.47800158  -24.30523131 -107.03838856  -12.6821766
    -31.23874685  -23.98308563  -39.97451299  -43.37503502  -43.28755147
    -39.70853328]
  [-141.85751313  -32.14167826  -38.62800451  -17.15826633  -14.94681434
    -23.02655106  -12.92140039  -30.53152962  -36.60278329  -24.28102204
    -20.91154633]]]